(kicad_pcb (version 20171130) (host pcbnew 5.1.2-5.1.2)

  (general
    (thickness 1.6)
    (drawings 25)
    (tracks 750)
    (zones 0)
    (modules 45)
    (nets 74)
  )

  (page A4)
  (layers
    (0 F.Cu signal)
    (1 In1.Cu power)
    (2 In2.Cu power)
    (31 B.Cu signal)
    (32 B.Adhes user)
    (33 F.Adhes user)
    (34 B.Paste user)
    (35 F.Paste user)
    (36 B.SilkS user)
    (37 F.SilkS user)
    (38 B.Mask user)
    (39 F.Mask user)
    (40 Dwgs.User user)
    (41 Cmts.User user)
    (42 Eco1.User user)
    (43 Eco2.User user)
    (44 Edge.Cuts user)
    (45 Margin user)
    (46 B.CrtYd user)
    (47 F.CrtYd user)
    (48 B.Fab user hide)
    (49 F.Fab user hide)
  )

  (setup
    (last_trace_width 0.1524)
    (user_trace_width 0.1524)
    (user_trace_width 0.2032)
    (user_trace_width 0.254)
    (user_trace_width 0.508)
    (trace_clearance 0.1524)
    (zone_clearance 0.2032)
    (zone_45_only no)
    (trace_min 0.1524)
    (via_size 0.5)
    (via_drill 0.3)
    (via_min_size 0.381)
    (via_min_drill 0.3)
    (uvia_size 0.3)
    (uvia_drill 0.1)
    (uvias_allowed no)
    (uvia_min_size 0.2)
    (uvia_min_drill 0.1)
    (edge_width 0.15)
    (segment_width 0.2)
    (pcb_text_width 0.3)
    (pcb_text_size 1.5 1.5)
    (mod_edge_width 0.15)
    (mod_text_size 1 1)
    (mod_text_width 0.15)
    (pad_size 3.6 3.6)
    (pad_drill 0)
    (pad_to_mask_clearance 0.0508)
    (solder_mask_min_width 0.0508)
    (aux_axis_origin 114 102)
    (grid_origin 114 102)
    (visible_elements FFFDFF7F)
    (pcbplotparams
      (layerselection 0x010fc_ffffffff)
      (usegerberextensions true)
      (usegerberattributes false)
      (usegerberadvancedattributes false)
      (creategerberjobfile false)
      (excludeedgelayer true)
      (linewidth 0.020000)
      (plotframeref false)
      (viasonmask false)
      (mode 1)
      (useauxorigin true)
      (hpglpennumber 1)
      (hpglpenspeed 20)
      (hpglpendiameter 15.000000)
      (psnegative false)
      (psa4output false)
      (plotreference true)
      (plotvalue true)
      (plotinvisibletext false)
      (padsonsilk false)
      (subtractmaskfromsilk false)
      (outputformat 1)
      (mirror false)
      (drillshape 0)
      (scaleselection 1)
      (outputdirectory "fab/"))
  )

  (net 0 "")
  (net 1 GND)
  (net 2 +3V3)
  (net 3 /COL_1)
  (net 4 /COL_2)
  (net 5 /COL_5)
  (net 6 /COL_6)
  (net 7 /COL_7)
  (net 8 /COL_3)
  (net 9 /COL_4)
  (net 10 /ROW_7)
  (net 11 /ROW_6)
  (net 12 /ROW_5)
  (net 13 /ROW_4)
  (net 14 /ROW_3)
  (net 15 /ROW_2)
  (net 16 /ROW_1)
  (net 17 /UART4_TX)
  (net 18 /UART4_RX)
  (net 19 /UART2_TX)
  (net 20 /UART2_RX)
  (net 21 /UART3_TX)
  (net 22 /UART3_RX)
  (net 23 /SWDIO)
  (net 24 /SWCLK)
  (net 25 /UART1_TX)
  (net 26 /UART1_RX)
  (net 27 +5V)
  (net 28 /USB_VBUS)
  (net 29 VCC)
  (net 30 /USB_D+)
  (net 31 /USB_D-)
  (net 32 /COL_8)
  (net 33 /ROW_8)
  (net 34 /nRST)
  (net 35 "Net-(D1-Pad1)")
  (net 36 /LED)
  (net 37 /BOOT0)
  (net 38 /SYN_RX)
  (net 39 /SYN_TX)
  (net 40 /OSC_IN)
  (net 41 /OSC_OUT)
  (net 42 /VBAT)
  (net 43 /MCU_SCL)
  (net 44 /MCU_SDA)
  (net 45 /MCU_SDB)
  (net 46 "Net-(J5-Pad4)")
  (net 47 "Net-(U2-Pad41)")
  (net 48 "Net-(U2-Pad39)")
  (net 49 "Net-(U2-Pad38)")
  (net 50 "Net-(U2-Pad31)")
  (net 51 "Net-(U2-Pad30)")
  (net 52 "Net-(U2-Pad29)")
  (net 53 "Net-(U2-Pad28)")
  (net 54 "Net-(U2-Pad25)")
  (net 55 "Net-(U2-Pad20)")
  (net 56 "Net-(U2-Pad19)")
  (net 57 "Net-(U2-Pad18)")
  (net 58 "Net-(U2-Pad17)")
  (net 59 "Net-(U2-Pad16)")
  (net 60 "Net-(U2-Pad15)")
  (net 61 "Net-(U2-Pad14)")
  (net 62 "Net-(U2-Pad6)")
  (net 63 "Net-(U2-Pad2)")
  (net 64 "Net-(R6-Pad1)")
  (net 65 "Net-(R7-Pad1)")
  (net 66 "Net-(U3-Pad37)")
  (net 67 "Net-(U3-Pad32)")
  (net 68 "Net-(U3-Pad29)")
  (net 69 "Net-(U3-Pad20)")
  (net 70 "Net-(U3-Pad14)")
  (net 71 "Net-(U3-Pad13)")
  (net 72 "Net-(U3-Pad12)")
  (net 73 "Net-(U3-Pad10)")

  (net_class Default "This is the default net class."
    (clearance 0.1524)
    (trace_width 0.1524)
    (via_dia 0.5)
    (via_drill 0.3)
    (uvia_dia 0.3)
    (uvia_drill 0.1)
    (add_net /BOOT0)
    (add_net /LED)
    (add_net /MCU_SCL)
    (add_net /MCU_SDA)
    (add_net /MCU_SDB)
    (add_net /OSC_IN)
    (add_net /OSC_OUT)
    (add_net /SWCLK)
    (add_net /SWDIO)
    (add_net /SYN_RX)
    (add_net /SYN_TX)
    (add_net /UART1_RX)
    (add_net /UART1_TX)
    (add_net /UART2_RX)
    (add_net /UART2_TX)
    (add_net /UART3_RX)
    (add_net /UART3_TX)
    (add_net /UART4_RX)
    (add_net /UART4_TX)
    (add_net /USB_D+)
    (add_net /USB_D-)
    (add_net /USB_VBUS)
    (add_net /VBAT)
    (add_net /nRST)
    (add_net GND)
    (add_net "Net-(D1-Pad1)")
    (add_net "Net-(J5-Pad4)")
    (add_net "Net-(R6-Pad1)")
    (add_net "Net-(R7-Pad1)")
    (add_net "Net-(U2-Pad14)")
    (add_net "Net-(U2-Pad15)")
    (add_net "Net-(U2-Pad16)")
    (add_net "Net-(U2-Pad17)")
    (add_net "Net-(U2-Pad18)")
    (add_net "Net-(U2-Pad19)")
    (add_net "Net-(U2-Pad2)")
    (add_net "Net-(U2-Pad20)")
    (add_net "Net-(U2-Pad25)")
    (add_net "Net-(U2-Pad28)")
    (add_net "Net-(U2-Pad29)")
    (add_net "Net-(U2-Pad30)")
    (add_net "Net-(U2-Pad31)")
    (add_net "Net-(U2-Pad38)")
    (add_net "Net-(U2-Pad39)")
    (add_net "Net-(U2-Pad41)")
    (add_net "Net-(U2-Pad6)")
    (add_net "Net-(U3-Pad10)")
    (add_net "Net-(U3-Pad12)")
    (add_net "Net-(U3-Pad13)")
    (add_net "Net-(U3-Pad14)")
    (add_net "Net-(U3-Pad20)")
    (add_net "Net-(U3-Pad29)")
    (add_net "Net-(U3-Pad32)")
    (add_net "Net-(U3-Pad37)")
  )

  (net_class VCC ""
    (clearance 0.1524)
    (trace_width 0.508)
    (via_dia 0.5)
    (via_drill 0.3)
    (uvia_dia 0.3)
    (uvia_drill 0.1)
    (add_net +5V)
    (add_net VCC)
  )

  (net_class VCC_LOW ""
    (clearance 0.1524)
    (trace_width 0.2032)
    (via_dia 0.5)
    (via_drill 0.3)
    (uvia_dia 0.3)
    (uvia_drill 0.1)
    (add_net +3V3)
    (add_net /COL_1)
    (add_net /COL_2)
    (add_net /COL_3)
    (add_net /COL_4)
    (add_net /COL_5)
    (add_net /COL_6)
    (add_net /COL_7)
    (add_net /COL_8)
    (add_net /ROW_1)
    (add_net /ROW_2)
    (add_net /ROW_3)
    (add_net /ROW_4)
    (add_net /ROW_5)
    (add_net /ROW_6)
    (add_net /ROW_7)
    (add_net /ROW_8)
  )

  (module Capacitor_SMD:C_0805_2012Metric_Pad1.15x1.40mm_HandSolder (layer B.Cu) (tedit 5B36C52B) (tstamp 5CB8B908)
    (at 137.3 83.9 180)
    (descr "Capacitor SMD 0805 (2012 Metric), square (rectangular) end terminal, IPC_7351 nominal with elongated pad for handsoldering. (Body size source: https://docs.google.com/spreadsheets/d/1BsfQQcO9C6DZCsRaXUlFlo91Tg2WpOkGARC1WS5S8t0/edit?usp=sharing), generated with kicad-footprint-generator")
    (tags "capacitor handsolder")
    (path /5CB976D1)
    (attr smd)
    (fp_text reference C14 (at 0 1.65) (layer B.SilkS)
      (effects (font (size 1 1) (thickness 0.15)) (justify mirror))
    )
    (fp_text value 100n (at 0 -1.65) (layer B.Fab)
      (effects (font (size 1 1) (thickness 0.15)) (justify mirror))
    )
    (fp_text user %R (at 0 0) (layer B.Fab)
      (effects (font (size 0.5 0.5) (thickness 0.08)) (justify mirror))
    )
    (fp_line (start 1.85 -0.95) (end -1.85 -0.95) (layer B.CrtYd) (width 0.05))
    (fp_line (start 1.85 0.95) (end 1.85 -0.95) (layer B.CrtYd) (width 0.05))
    (fp_line (start -1.85 0.95) (end 1.85 0.95) (layer B.CrtYd) (width 0.05))
    (fp_line (start -1.85 -0.95) (end -1.85 0.95) (layer B.CrtYd) (width 0.05))
    (fp_line (start -0.261252 -0.71) (end 0.261252 -0.71) (layer B.SilkS) (width 0.12))
    (fp_line (start -0.261252 0.71) (end 0.261252 0.71) (layer B.SilkS) (width 0.12))
    (fp_line (start 1 -0.6) (end -1 -0.6) (layer B.Fab) (width 0.1))
    (fp_line (start 1 0.6) (end 1 -0.6) (layer B.Fab) (width 0.1))
    (fp_line (start -1 0.6) (end 1 0.6) (layer B.Fab) (width 0.1))
    (fp_line (start -1 -0.6) (end -1 0.6) (layer B.Fab) (width 0.1))
    (pad 2 smd roundrect (at 1.025 0 180) (size 1.15 1.4) (layers B.Cu B.Paste B.Mask) (roundrect_rratio 0.217391)
      (net 1 GND))
    (pad 1 smd roundrect (at -1.025 0 180) (size 1.15 1.4) (layers B.Cu B.Paste B.Mask) (roundrect_rratio 0.217391)
      (net 2 +3V3))
    (model ${KISYS3DMOD}/Capacitor_SMD.3dshapes/C_0805_2012Metric.wrl
      (at (xyz 0 0 0))
      (scale (xyz 1 1 1))
      (rotate (xyz 0 0 0))
    )
  )

  (module project:QFN-40_EP_5x5_Pitch0.4mm (layer F.Cu) (tedit 5CB63957) (tstamp 5CA81655)
    (at 133 77.1 45)
    (path /5CADBB07)
    (attr smd)
    (fp_text reference U3 (at 0 -4 45) (layer F.SilkS)
      (effects (font (size 1 1) (thickness 0.15)))
    )
    (fp_text value IS31FL3736-QFLS4 (at 0 4 45) (layer F.Fab)
      (effects (font (size 1 1) (thickness 0.15)))
    )
    (fp_line (start -3 3) (end -3 -3) (layer F.CrtYd) (width 0.05))
    (fp_line (start 3 3) (end -3 3) (layer F.CrtYd) (width 0.05))
    (fp_line (start 3 -3) (end 3 3) (layer F.CrtYd) (width 0.05))
    (fp_line (start -3 -3) (end 3 -3) (layer F.CrtYd) (width 0.05))
    (fp_line (start -2.2 -2.65) (end -2.725 -2.65) (layer F.SilkS) (width 0.12))
    (fp_line (start -2.65 2.65) (end -2.65 2.2) (layer F.SilkS) (width 0.12))
    (fp_line (start -2.2 2.65) (end -2.65 2.65) (layer F.SilkS) (width 0.12))
    (fp_line (start 2.65 2.65) (end 2.65 2.2) (layer F.SilkS) (width 0.12))
    (fp_line (start 2.2 2.65) (end 2.65 2.65) (layer F.SilkS) (width 0.12))
    (fp_line (start 2.65 -2.65) (end 2.65 -2.2) (layer F.SilkS) (width 0.12))
    (fp_line (start 2.2 -2.65) (end 2.65 -2.65) (layer F.SilkS) (width 0.12))
    (fp_line (start 2.5 -2.5) (end -1.5 -2.5) (layer F.Fab) (width 0.15))
    (fp_line (start 2.5 2.5) (end 2.5 -2.5) (layer F.Fab) (width 0.15))
    (fp_line (start -2.5 2.5) (end 2.5 2.5) (layer F.Fab) (width 0.15))
    (fp_line (start -2.5 -1.5) (end -2.5 2.5) (layer F.Fab) (width 0.15))
    (fp_line (start -1.5 -2.5) (end -2.5 -1.5) (layer F.Fab) (width 0.15))
    (pad 41 smd rect (at 1.133333 1.133333 45) (size 1.133333 1.133333) (layers F.Cu F.Paste F.Mask)
      (net 1 GND) (solder_paste_margin -0.1))
    (pad 41 smd rect (at 1.133333 0 45) (size 1.133333 1.133333) (layers F.Cu F.Paste F.Mask)
      (net 1 GND) (solder_paste_margin -0.1))
    (pad 41 smd rect (at 1.133333 -1.133333 45) (size 1.133333 1.133333) (layers F.Cu F.Paste F.Mask)
      (net 1 GND) (solder_paste_margin -0.1))
    (pad 41 smd rect (at 0 1.133333 45) (size 1.133333 1.133333) (layers F.Cu F.Paste F.Mask)
      (net 1 GND) (solder_paste_margin -0.1))
    (pad 41 smd rect (at 0 0 45) (size 1.133333 1.133333) (layers F.Cu F.Paste F.Mask)
      (net 1 GND) (solder_paste_margin -0.1))
    (pad 41 smd rect (at 0 -1.133333 45) (size 1.133333 1.133333) (layers F.Cu F.Paste F.Mask)
      (net 1 GND) (solder_paste_margin -0.1))
    (pad 41 smd rect (at -1.133333 1.133333 45) (size 1.133333 1.133333) (layers F.Cu F.Paste F.Mask)
      (net 1 GND) (solder_paste_margin -0.1))
    (pad 41 smd rect (at -1.133333 0 45) (size 1.133333 1.133333) (layers F.Cu F.Paste F.Mask)
      (net 1 GND) (solder_paste_margin -0.1))
    (pad 41 smd rect (at -1.133333 -1.133333 45) (size 1.133333 1.133333) (layers F.Cu F.Paste F.Mask)
      (net 1 GND) (solder_paste_margin -0.1))
    (pad 40 smd rect (at -1.8 -2.4075 45) (size 0.22 0.715) (layers F.Cu F.Paste F.Mask)
      (net 1 GND))
    (pad 39 smd rect (at -1.4 -2.4075 45) (size 0.22 0.715) (layers F.Cu F.Paste F.Mask)
      (net 64 "Net-(R6-Pad1)"))
    (pad 38 smd rect (at -1 -2.4075 45) (size 0.22 0.715) (layers F.Cu F.Paste F.Mask)
      (net 45 /MCU_SDB))
    (pad 37 smd rect (at -0.6 -2.4075 45) (size 0.22 0.715) (layers F.Cu F.Paste F.Mask)
      (net 66 "Net-(U3-Pad37)"))
    (pad 36 smd rect (at -0.2 -2.4075 45) (size 0.22 0.715) (layers F.Cu F.Paste F.Mask)
      (net 1 GND))
    (pad 35 smd rect (at 0.2 -2.4075 45) (size 0.22 0.715) (layers F.Cu F.Paste F.Mask)
      (net 1 GND))
    (pad 34 smd rect (at 0.6 -2.4075 45) (size 0.22 0.715) (layers F.Cu F.Paste F.Mask)
      (net 43 /MCU_SCL))
    (pad 33 smd rect (at 1 -2.4075 45) (size 0.22 0.715) (layers F.Cu F.Paste F.Mask)
      (net 44 /MCU_SDA))
    (pad 32 smd rect (at 1.4 -2.4075 45) (size 0.22 0.715) (layers F.Cu F.Paste F.Mask)
      (net 67 "Net-(U3-Pad32)"))
    (pad 31 smd rect (at 1.8 -2.4075 45) (size 0.22 0.715) (layers F.Cu F.Paste F.Mask)
      (net 2 +3V3))
    (pad 30 smd rect (at 2.4075 -1.8 135) (size 0.22 0.715) (layers F.Cu F.Paste F.Mask)
      (net 65 "Net-(R7-Pad1)"))
    (pad 29 smd rect (at 2.4075 -1.4 135) (size 0.22 0.715) (layers F.Cu F.Paste F.Mask)
      (net 68 "Net-(U3-Pad29)"))
    (pad 28 smd rect (at 2.4075 -1 135) (size 0.22 0.715) (layers F.Cu F.Paste F.Mask)
      (net 27 +5V))
    (pad 27 smd rect (at 2.4075 -0.6 135) (size 0.22 0.715) (layers F.Cu F.Paste F.Mask)
      (net 27 +5V))
    (pad 26 smd rect (at 2.4075 -0.2 135) (size 0.22 0.715) (layers F.Cu F.Paste F.Mask)
      (net 1 GND))
    (pad 25 smd rect (at 2.4075 0.2 135) (size 0.22 0.715) (layers F.Cu F.Paste F.Mask)
      (net 33 /ROW_8))
    (pad 24 smd rect (at 2.4075 0.6 135) (size 0.22 0.715) (layers F.Cu F.Paste F.Mask)
      (net 10 /ROW_7))
    (pad 23 smd rect (at 2.4075 1 135) (size 0.22 0.715) (layers F.Cu F.Paste F.Mask)
      (net 27 +5V))
    (pad 22 smd rect (at 2.4075 1.4 135) (size 0.22 0.715) (layers F.Cu F.Paste F.Mask)
      (net 11 /ROW_6))
    (pad 21 smd rect (at 2.4075 1.8 135) (size 0.22 0.715) (layers F.Cu F.Paste F.Mask)
      (net 12 /ROW_5))
    (pad 20 smd rect (at 1.8 2.4075 45) (size 0.22 0.715) (layers F.Cu F.Paste F.Mask)
      (net 69 "Net-(U3-Pad20)"))
    (pad 19 smd rect (at 1.4 2.4075 45) (size 0.22 0.715) (layers F.Cu F.Paste F.Mask)
      (net 13 /ROW_4))
    (pad 18 smd rect (at 1 2.4075 45) (size 0.22 0.715) (layers F.Cu F.Paste F.Mask)
      (net 14 /ROW_3))
    (pad 17 smd rect (at 0.6 2.4075 45) (size 0.22 0.715) (layers F.Cu F.Paste F.Mask)
      (net 27 +5V))
    (pad 16 smd rect (at 0.2 2.4075 45) (size 0.22 0.715) (layers F.Cu F.Paste F.Mask)
      (net 15 /ROW_2))
    (pad 15 smd rect (at -0.2 2.4075 45) (size 0.22 0.715) (layers F.Cu F.Paste F.Mask)
      (net 16 /ROW_1))
    (pad 14 smd rect (at -0.6 2.4075 45) (size 0.22 0.715) (layers F.Cu F.Paste F.Mask)
      (net 70 "Net-(U3-Pad14)"))
    (pad 13 smd rect (at -1 2.4075 45) (size 0.22 0.715) (layers F.Cu F.Paste F.Mask)
      (net 71 "Net-(U3-Pad13)"))
    (pad 12 smd rect (at -1.4 2.4075 45) (size 0.22 0.715) (layers F.Cu F.Paste F.Mask)
      (net 72 "Net-(U3-Pad12)"))
    (pad 11 smd rect (at -1.8 2.4075 45) (size 0.22 0.715) (layers F.Cu F.Paste F.Mask)
      (net 1 GND))
    (pad 10 smd rect (at -2.4075 1.8 135) (size 0.22 0.715) (layers F.Cu F.Paste F.Mask)
      (net 73 "Net-(U3-Pad10)"))
    (pad 9 smd rect (at -2.4075 1.4 135) (size 0.22 0.715) (layers F.Cu F.Paste F.Mask)
      (net 32 /COL_8))
    (pad 8 smd rect (at -2.4075 1 135) (size 0.22 0.715) (layers F.Cu F.Paste F.Mask)
      (net 7 /COL_7))
    (pad 7 smd rect (at -2.4075 0.6 135) (size 0.22 0.715) (layers F.Cu F.Paste F.Mask)
      (net 6 /COL_6))
    (pad 6 smd rect (at -2.4075 0.2 135) (size 0.22 0.715) (layers F.Cu F.Paste F.Mask)
      (net 5 /COL_5))
    (pad 5 smd rect (at -2.4075 -0.2 135) (size 0.22 0.715) (layers F.Cu F.Paste F.Mask)
      (net 9 /COL_4))
    (pad 4 smd rect (at -2.4075 -0.6 135) (size 0.22 0.715) (layers F.Cu F.Paste F.Mask)
      (net 1 GND))
    (pad 3 smd rect (at -2.4075 -1 135) (size 0.22 0.715) (layers F.Cu F.Paste F.Mask)
      (net 8 /COL_3))
    (pad 2 smd rect (at -2.4075 -1.4 135) (size 0.22 0.715) (layers F.Cu F.Paste F.Mask)
      (net 4 /COL_2))
    (pad 1 smd rect (at -2.4075 -1.8 135) (size 0.22 0.715) (layers F.Cu F.Paste F.Mask)
      (net 3 /COL_1))
    (model ${KISYS3DMOD}/Package_DFN_QFN.3dshapes/QFN-40-1EP_5x5mm_P0.4mm_EP3.6x3.6mm.wrl
      (at (xyz 0 0 0))
      (scale (xyz 1 1 1))
      (rotate (xyz 0 0 0))
    )
  )

  (module Capacitor_SMD:C_0805_2012Metric_Pad1.15x1.40mm_HandSolder (layer F.Cu) (tedit 5B36C52B) (tstamp 5CB5B7BF)
    (at 130.8 71.75 180)
    (descr "Capacitor SMD 0805 (2012 Metric), square (rectangular) end terminal, IPC_7351 nominal with elongated pad for handsoldering. (Body size source: https://docs.google.com/spreadsheets/d/1BsfQQcO9C6DZCsRaXUlFlo91Tg2WpOkGARC1WS5S8t0/edit?usp=sharing), generated with kicad-footprint-generator")
    (tags "capacitor handsolder")
    (path /5CC1364A)
    (attr smd)
    (fp_text reference C13 (at -3.25 0 180) (layer F.SilkS)
      (effects (font (size 1 1) (thickness 0.15)))
    )
    (fp_text value 1µF (at 0 1.65 180) (layer F.Fab)
      (effects (font (size 1 1) (thickness 0.15)))
    )
    (fp_text user %R (at 0 0 180) (layer F.Fab)
      (effects (font (size 0.5 0.5) (thickness 0.08)))
    )
    (fp_line (start 1.85 0.95) (end -1.85 0.95) (layer F.CrtYd) (width 0.05))
    (fp_line (start 1.85 -0.95) (end 1.85 0.95) (layer F.CrtYd) (width 0.05))
    (fp_line (start -1.85 -0.95) (end 1.85 -0.95) (layer F.CrtYd) (width 0.05))
    (fp_line (start -1.85 0.95) (end -1.85 -0.95) (layer F.CrtYd) (width 0.05))
    (fp_line (start -0.261252 0.71) (end 0.261252 0.71) (layer F.SilkS) (width 0.12))
    (fp_line (start -0.261252 -0.71) (end 0.261252 -0.71) (layer F.SilkS) (width 0.12))
    (fp_line (start 1 0.6) (end -1 0.6) (layer F.Fab) (width 0.1))
    (fp_line (start 1 -0.6) (end 1 0.6) (layer F.Fab) (width 0.1))
    (fp_line (start -1 -0.6) (end 1 -0.6) (layer F.Fab) (width 0.1))
    (fp_line (start -1 0.6) (end -1 -0.6) (layer F.Fab) (width 0.1))
    (pad 2 smd roundrect (at 1.025 0 180) (size 1.15 1.4) (layers F.Cu F.Paste F.Mask) (roundrect_rratio 0.217391)
      (net 1 GND))
    (pad 1 smd roundrect (at -1.025 0 180) (size 1.15 1.4) (layers F.Cu F.Paste F.Mask) (roundrect_rratio 0.217391)
      (net 2 +3V3))
    (model ${KISYS3DMOD}/Capacitor_SMD.3dshapes/C_0805_2012Metric.wrl
      (at (xyz 0 0 0))
      (scale (xyz 1 1 1))
      (rotate (xyz 0 0 0))
    )
  )

  (module Package_TO_SOT_SMD:SOT-23 (layer B.Cu) (tedit 5A02FF57) (tstamp 5BEB121A)
    (at 145.6 69.2 90)
    (descr "SOT-23, Standard")
    (tags SOT-23)
    (path /5BEBB389)
    (attr smd)
    (fp_text reference Q1 (at 0 2.65 180) (layer B.SilkS)
      (effects (font (size 1 1) (thickness 0.15)) (justify mirror))
    )
    (fp_text value IRLML6402 (at 0 -2.5 90) (layer B.Fab)
      (effects (font (size 1 1) (thickness 0.15)) (justify mirror))
    )
    (fp_line (start 0.76 -1.58) (end -0.7 -1.58) (layer B.SilkS) (width 0.12))
    (fp_line (start 0.76 1.58) (end -1.4 1.58) (layer B.SilkS) (width 0.12))
    (fp_line (start -1.7 -1.75) (end -1.7 1.75) (layer B.CrtYd) (width 0.05))
    (fp_line (start 1.7 -1.75) (end -1.7 -1.75) (layer B.CrtYd) (width 0.05))
    (fp_line (start 1.7 1.75) (end 1.7 -1.75) (layer B.CrtYd) (width 0.05))
    (fp_line (start -1.7 1.75) (end 1.7 1.75) (layer B.CrtYd) (width 0.05))
    (fp_line (start 0.76 1.58) (end 0.76 0.65) (layer B.SilkS) (width 0.12))
    (fp_line (start 0.76 -1.58) (end 0.76 -0.65) (layer B.SilkS) (width 0.12))
    (fp_line (start -0.7 -1.52) (end 0.7 -1.52) (layer B.Fab) (width 0.1))
    (fp_line (start 0.7 1.52) (end 0.7 -1.52) (layer B.Fab) (width 0.1))
    (fp_line (start -0.7 0.95) (end -0.15 1.52) (layer B.Fab) (width 0.1))
    (fp_line (start -0.15 1.52) (end 0.7 1.52) (layer B.Fab) (width 0.1))
    (fp_line (start -0.7 0.95) (end -0.7 -1.5) (layer B.Fab) (width 0.1))
    (fp_text user %R (at 0 0) (layer B.Fab)
      (effects (font (size 0.5 0.5) (thickness 0.075)) (justify mirror))
    )
    (pad 3 smd rect (at 1 0 90) (size 0.9 0.8) (layers B.Cu B.Paste B.Mask)
      (net 29 VCC))
    (pad 2 smd rect (at -1 -0.95 90) (size 0.9 0.8) (layers B.Cu B.Paste B.Mask)
      (net 27 +5V))
    (pad 1 smd rect (at -1 0.95 90) (size 0.9 0.8) (layers B.Cu B.Paste B.Mask)
      (net 1 GND))
    (model ${KISYS3DMOD}/Package_TO_SOT_SMD.3dshapes/SOT-23.wrl
      (at (xyz 0 0 0))
      (scale (xyz 1 1 1))
      (rotate (xyz 0 0 0))
    )
  )

  (module Connector_PinHeader_2.54mm:PinHeader_1x04_P2.54mm_Vertical (layer F.Cu) (tedit 59FED5CC) (tstamp 5BFD2974)
    (at 115.27 98.19 180)
    (descr "Through hole straight pin header, 1x04, 2.54mm pitch, single row")
    (tags "Through hole pin header THT 1x04 2.54mm single row")
    (path /5BE833D2)
    (fp_text reference J2 (at 0 9.94 180) (layer F.SilkS)
      (effects (font (size 1 1) (thickness 0.15)))
    )
    (fp_text value Conn_01x04 (at 0 9.95 180) (layer F.Fab)
      (effects (font (size 1 1) (thickness 0.15)))
    )
    (fp_text user %R (at 0 3.81 -90) (layer F.Fab)
      (effects (font (size 1 1) (thickness 0.15)))
    )
    (fp_line (start 1.8 -1.8) (end -1.8 -1.8) (layer F.CrtYd) (width 0.05))
    (fp_line (start 1.8 9.4) (end 1.8 -1.8) (layer F.CrtYd) (width 0.05))
    (fp_line (start -1.8 9.4) (end 1.8 9.4) (layer F.CrtYd) (width 0.05))
    (fp_line (start -1.8 -1.8) (end -1.8 9.4) (layer F.CrtYd) (width 0.05))
    (fp_line (start -1.33 -1.33) (end 0 -1.33) (layer F.SilkS) (width 0.12))
    (fp_line (start -1.33 0) (end -1.33 -1.33) (layer F.SilkS) (width 0.12))
    (fp_line (start -1.33 1.27) (end 1.33 1.27) (layer F.SilkS) (width 0.12))
    (fp_line (start 1.33 1.27) (end 1.33 8.95) (layer F.SilkS) (width 0.12))
    (fp_line (start -1.33 1.27) (end -1.33 8.95) (layer F.SilkS) (width 0.12))
    (fp_line (start -1.33 8.95) (end 1.33 8.95) (layer F.SilkS) (width 0.12))
    (fp_line (start -1.27 -0.635) (end -0.635 -1.27) (layer F.Fab) (width 0.1))
    (fp_line (start -1.27 8.89) (end -1.27 -0.635) (layer F.Fab) (width 0.1))
    (fp_line (start 1.27 8.89) (end -1.27 8.89) (layer F.Fab) (width 0.1))
    (fp_line (start 1.27 -1.27) (end 1.27 8.89) (layer F.Fab) (width 0.1))
    (fp_line (start -0.635 -1.27) (end 1.27 -1.27) (layer F.Fab) (width 0.1))
    (pad 4 thru_hole oval (at 0 7.62 180) (size 1.7 1.7) (drill 1) (layers *.Cu *.Mask)
      (net 38 /SYN_RX))
    (pad 3 thru_hole oval (at 0 5.08 180) (size 1.7 1.7) (drill 1) (layers *.Cu *.Mask)
      (net 26 /UART1_RX))
    (pad 2 thru_hole oval (at 0 2.54 180) (size 1.7 1.7) (drill 1) (layers *.Cu *.Mask)
      (net 29 VCC))
    (pad 1 thru_hole rect (at 0 0 180) (size 1.7 1.7) (drill 1) (layers *.Cu *.Mask)
      (net 1 GND))
    (model ${KISYS3DMOD}/Connector_PinHeader_2.54mm.3dshapes/PinHeader_1x04_P2.54mm_Vertical.wrl
      (at (xyz 0 0 0))
      (scale (xyz 1 1 1))
      (rotate (xyz 0 0 0))
    )
  )

  (module Capacitor_SMD:C_0805_2012Metric_Pad1.15x1.40mm_HandSolder (layer B.Cu) (tedit 5B36C52B) (tstamp 5CAD0DD6)
    (at 138.949999 75)
    (descr "Capacitor SMD 0805 (2012 Metric), square (rectangular) end terminal, IPC_7351 nominal with elongated pad for handsoldering. (Body size source: https://docs.google.com/spreadsheets/d/1BsfQQcO9C6DZCsRaXUlFlo91Tg2WpOkGARC1WS5S8t0/edit?usp=sharing), generated with kicad-footprint-generator")
    (tags "capacitor handsolder")
    (path /5CB4E420)
    (attr smd)
    (fp_text reference C12 (at -3.299999 0) (layer B.SilkS)
      (effects (font (size 1 1) (thickness 0.15)) (justify mirror))
    )
    (fp_text value 100n (at 0 -1.65) (layer B.Fab)
      (effects (font (size 1 1) (thickness 0.15)) (justify mirror))
    )
    (fp_text user %R (at 0 0) (layer B.Fab)
      (effects (font (size 0.5 0.5) (thickness 0.08)) (justify mirror))
    )
    (fp_line (start 1.85 -0.95) (end -1.85 -0.95) (layer B.CrtYd) (width 0.05))
    (fp_line (start 1.85 0.95) (end 1.85 -0.95) (layer B.CrtYd) (width 0.05))
    (fp_line (start -1.85 0.95) (end 1.85 0.95) (layer B.CrtYd) (width 0.05))
    (fp_line (start -1.85 -0.95) (end -1.85 0.95) (layer B.CrtYd) (width 0.05))
    (fp_line (start -0.261252 -0.71) (end 0.261252 -0.71) (layer B.SilkS) (width 0.12))
    (fp_line (start -0.261252 0.71) (end 0.261252 0.71) (layer B.SilkS) (width 0.12))
    (fp_line (start 1 -0.6) (end -1 -0.6) (layer B.Fab) (width 0.1))
    (fp_line (start 1 0.6) (end 1 -0.6) (layer B.Fab) (width 0.1))
    (fp_line (start -1 0.6) (end 1 0.6) (layer B.Fab) (width 0.1))
    (fp_line (start -1 -0.6) (end -1 0.6) (layer B.Fab) (width 0.1))
    (pad 2 smd roundrect (at 1.025 0) (size 1.15 1.4) (layers B.Cu B.Paste B.Mask) (roundrect_rratio 0.217391)
      (net 1 GND))
    (pad 1 smd roundrect (at -1.025 0) (size 1.15 1.4) (layers B.Cu B.Paste B.Mask) (roundrect_rratio 0.217391)
      (net 27 +5V))
    (model ${KISYS3DMOD}/Capacitor_SMD.3dshapes/C_0805_2012Metric.wrl
      (at (xyz 0 0 0))
      (scale (xyz 1 1 1))
      (rotate (xyz 0 0 0))
    )
  )

  (module Capacitor_SMD:C_0805_2012Metric_Pad1.15x1.40mm_HandSolder (layer B.Cu) (tedit 5B36C52B) (tstamp 5CAD0DC5)
    (at 138.949999 76.9)
    (descr "Capacitor SMD 0805 (2012 Metric), square (rectangular) end terminal, IPC_7351 nominal with elongated pad for handsoldering. (Body size source: https://docs.google.com/spreadsheets/d/1BsfQQcO9C6DZCsRaXUlFlo91Tg2WpOkGARC1WS5S8t0/edit?usp=sharing), generated with kicad-footprint-generator")
    (tags "capacitor handsolder")
    (path /5CB4E41A)
    (attr smd)
    (fp_text reference C11 (at -3.299999 0) (layer B.SilkS)
      (effects (font (size 1 1) (thickness 0.15)) (justify mirror))
    )
    (fp_text value 1µF (at 0 -1.65) (layer B.Fab)
      (effects (font (size 1 1) (thickness 0.15)) (justify mirror))
    )
    (fp_text user %R (at 0 0) (layer B.Fab)
      (effects (font (size 0.5 0.5) (thickness 0.08)) (justify mirror))
    )
    (fp_line (start 1.85 -0.95) (end -1.85 -0.95) (layer B.CrtYd) (width 0.05))
    (fp_line (start 1.85 0.95) (end 1.85 -0.95) (layer B.CrtYd) (width 0.05))
    (fp_line (start -1.85 0.95) (end 1.85 0.95) (layer B.CrtYd) (width 0.05))
    (fp_line (start -1.85 -0.95) (end -1.85 0.95) (layer B.CrtYd) (width 0.05))
    (fp_line (start -0.261252 -0.71) (end 0.261252 -0.71) (layer B.SilkS) (width 0.12))
    (fp_line (start -0.261252 0.71) (end 0.261252 0.71) (layer B.SilkS) (width 0.12))
    (fp_line (start 1 -0.6) (end -1 -0.6) (layer B.Fab) (width 0.1))
    (fp_line (start 1 0.6) (end 1 -0.6) (layer B.Fab) (width 0.1))
    (fp_line (start -1 0.6) (end 1 0.6) (layer B.Fab) (width 0.1))
    (fp_line (start -1 -0.6) (end -1 0.6) (layer B.Fab) (width 0.1))
    (pad 2 smd roundrect (at 1.025 0) (size 1.15 1.4) (layers B.Cu B.Paste B.Mask) (roundrect_rratio 0.217391)
      (net 1 GND))
    (pad 1 smd roundrect (at -1.025 0) (size 1.15 1.4) (layers B.Cu B.Paste B.Mask) (roundrect_rratio 0.217391)
      (net 27 +5V))
    (model ${KISYS3DMOD}/Capacitor_SMD.3dshapes/C_0805_2012Metric.wrl
      (at (xyz 0 0 0))
      (scale (xyz 1 1 1))
      (rotate (xyz 0 0 0))
    )
  )

  (module Capacitor_SMD:C_0805_2012Metric_Pad1.15x1.40mm_HandSolder (layer B.Cu) (tedit 5B36C52B) (tstamp 5CAD0DB4)
    (at 138.95 78.8)
    (descr "Capacitor SMD 0805 (2012 Metric), square (rectangular) end terminal, IPC_7351 nominal with elongated pad for handsoldering. (Body size source: https://docs.google.com/spreadsheets/d/1BsfQQcO9C6DZCsRaXUlFlo91Tg2WpOkGARC1WS5S8t0/edit?usp=sharing), generated with kicad-footprint-generator")
    (tags "capacitor handsolder")
    (path /5CB3C91D)
    (attr smd)
    (fp_text reference C10 (at -3.3 0.05) (layer B.SilkS)
      (effects (font (size 1 1) (thickness 0.15)) (justify mirror))
    )
    (fp_text value 100n (at 0 -1.65) (layer B.Fab)
      (effects (font (size 1 1) (thickness 0.15)) (justify mirror))
    )
    (fp_text user %R (at 0 0) (layer B.Fab)
      (effects (font (size 0.5 0.5) (thickness 0.08)) (justify mirror))
    )
    (fp_line (start 1.85 -0.95) (end -1.85 -0.95) (layer B.CrtYd) (width 0.05))
    (fp_line (start 1.85 0.95) (end 1.85 -0.95) (layer B.CrtYd) (width 0.05))
    (fp_line (start -1.85 0.95) (end 1.85 0.95) (layer B.CrtYd) (width 0.05))
    (fp_line (start -1.85 -0.95) (end -1.85 0.95) (layer B.CrtYd) (width 0.05))
    (fp_line (start -0.261252 -0.71) (end 0.261252 -0.71) (layer B.SilkS) (width 0.12))
    (fp_line (start -0.261252 0.71) (end 0.261252 0.71) (layer B.SilkS) (width 0.12))
    (fp_line (start 1 -0.6) (end -1 -0.6) (layer B.Fab) (width 0.1))
    (fp_line (start 1 0.6) (end 1 -0.6) (layer B.Fab) (width 0.1))
    (fp_line (start -1 0.6) (end 1 0.6) (layer B.Fab) (width 0.1))
    (fp_line (start -1 -0.6) (end -1 0.6) (layer B.Fab) (width 0.1))
    (pad 2 smd roundrect (at 1.025 0) (size 1.15 1.4) (layers B.Cu B.Paste B.Mask) (roundrect_rratio 0.217391)
      (net 1 GND))
    (pad 1 smd roundrect (at -1.025 0) (size 1.15 1.4) (layers B.Cu B.Paste B.Mask) (roundrect_rratio 0.217391)
      (net 27 +5V))
    (model ${KISYS3DMOD}/Capacitor_SMD.3dshapes/C_0805_2012Metric.wrl
      (at (xyz 0 0 0))
      (scale (xyz 1 1 1))
      (rotate (xyz 0 0 0))
    )
  )

  (module Capacitor_SMD:C_0805_2012Metric_Pad1.15x1.40mm_HandSolder (layer B.Cu) (tedit 5B36C52B) (tstamp 5CAD0DA3)
    (at 138.95 80.7)
    (descr "Capacitor SMD 0805 (2012 Metric), square (rectangular) end terminal, IPC_7351 nominal with elongated pad for handsoldering. (Body size source: https://docs.google.com/spreadsheets/d/1BsfQQcO9C6DZCsRaXUlFlo91Tg2WpOkGARC1WS5S8t0/edit?usp=sharing), generated with kicad-footprint-generator")
    (tags "capacitor handsolder")
    (path /5CB3C917)
    (attr smd)
    (fp_text reference C9 (at -2.8 0) (layer B.SilkS)
      (effects (font (size 1 1) (thickness 0.15)) (justify mirror))
    )
    (fp_text value 1µF (at 0 -1.65) (layer B.Fab)
      (effects (font (size 1 1) (thickness 0.15)) (justify mirror))
    )
    (fp_text user %R (at 0 0) (layer B.Fab)
      (effects (font (size 0.5 0.5) (thickness 0.08)) (justify mirror))
    )
    (fp_line (start 1.85 -0.95) (end -1.85 -0.95) (layer B.CrtYd) (width 0.05))
    (fp_line (start 1.85 0.95) (end 1.85 -0.95) (layer B.CrtYd) (width 0.05))
    (fp_line (start -1.85 0.95) (end 1.85 0.95) (layer B.CrtYd) (width 0.05))
    (fp_line (start -1.85 -0.95) (end -1.85 0.95) (layer B.CrtYd) (width 0.05))
    (fp_line (start -0.261252 -0.71) (end 0.261252 -0.71) (layer B.SilkS) (width 0.12))
    (fp_line (start -0.261252 0.71) (end 0.261252 0.71) (layer B.SilkS) (width 0.12))
    (fp_line (start 1 -0.6) (end -1 -0.6) (layer B.Fab) (width 0.1))
    (fp_line (start 1 0.6) (end 1 -0.6) (layer B.Fab) (width 0.1))
    (fp_line (start -1 0.6) (end 1 0.6) (layer B.Fab) (width 0.1))
    (fp_line (start -1 -0.6) (end -1 0.6) (layer B.Fab) (width 0.1))
    (pad 2 smd roundrect (at 1.025 0) (size 1.15 1.4) (layers B.Cu B.Paste B.Mask) (roundrect_rratio 0.217391)
      (net 1 GND))
    (pad 1 smd roundrect (at -1.025 0) (size 1.15 1.4) (layers B.Cu B.Paste B.Mask) (roundrect_rratio 0.217391)
      (net 27 +5V))
    (model ${KISYS3DMOD}/Capacitor_SMD.3dshapes/C_0805_2012Metric.wrl
      (at (xyz 0 0 0))
      (scale (xyz 1 1 1))
      (rotate (xyz 0 0 0))
    )
  )

  (module Resistor_SMD:R_0805_2012Metric_Pad1.15x1.40mm_HandSolder (layer F.Cu) (tedit 5B36C52B) (tstamp 5CA814C3)
    (at 125.9 70.9 180)
    (descr "Resistor SMD 0805 (2012 Metric), square (rectangular) end terminal, IPC_7351 nominal with elongated pad for handsoldering. (Body size source: https://docs.google.com/spreadsheets/d/1BsfQQcO9C6DZCsRaXUlFlo91Tg2WpOkGARC1WS5S8t0/edit?usp=sharing), generated with kicad-footprint-generator")
    (tags "resistor handsolder")
    (path /5CBC9EF8)
    (attr smd)
    (fp_text reference R7 (at 3.3 0 180) (layer F.SilkS)
      (effects (font (size 1 1) (thickness 0.15)))
    )
    (fp_text value 22k (at 0 1.65 180) (layer F.Fab)
      (effects (font (size 1 1) (thickness 0.15)))
    )
    (fp_text user %R (at 0 0 180) (layer F.Fab)
      (effects (font (size 0.5 0.5) (thickness 0.08)))
    )
    (fp_line (start 1.85 0.95) (end -1.85 0.95) (layer F.CrtYd) (width 0.05))
    (fp_line (start 1.85 -0.95) (end 1.85 0.95) (layer F.CrtYd) (width 0.05))
    (fp_line (start -1.85 -0.95) (end 1.85 -0.95) (layer F.CrtYd) (width 0.05))
    (fp_line (start -1.85 0.95) (end -1.85 -0.95) (layer F.CrtYd) (width 0.05))
    (fp_line (start -0.261252 0.71) (end 0.261252 0.71) (layer F.SilkS) (width 0.12))
    (fp_line (start -0.261252 -0.71) (end 0.261252 -0.71) (layer F.SilkS) (width 0.12))
    (fp_line (start 1 0.6) (end -1 0.6) (layer F.Fab) (width 0.1))
    (fp_line (start 1 -0.6) (end 1 0.6) (layer F.Fab) (width 0.1))
    (fp_line (start -1 -0.6) (end 1 -0.6) (layer F.Fab) (width 0.1))
    (fp_line (start -1 0.6) (end -1 -0.6) (layer F.Fab) (width 0.1))
    (pad 2 smd roundrect (at 1.025 0 180) (size 1.15 1.4) (layers F.Cu F.Paste F.Mask) (roundrect_rratio 0.217391)
      (net 1 GND))
    (pad 1 smd roundrect (at -1.025 0 180) (size 1.15 1.4) (layers F.Cu F.Paste F.Mask) (roundrect_rratio 0.217391)
      (net 65 "Net-(R7-Pad1)"))
    (model ${KISYS3DMOD}/Resistor_SMD.3dshapes/R_0805_2012Metric.wrl
      (at (xyz 0 0 0))
      (scale (xyz 1 1 1))
      (rotate (xyz 0 0 0))
    )
  )

  (module Resistor_SMD:R_0805_2012Metric_Pad1.15x1.40mm_HandSolder (layer B.Cu) (tedit 5B36C52B) (tstamp 5CA814B2)
    (at 125.9 73.7 180)
    (descr "Resistor SMD 0805 (2012 Metric), square (rectangular) end terminal, IPC_7351 nominal with elongated pad for handsoldering. (Body size source: https://docs.google.com/spreadsheets/d/1BsfQQcO9C6DZCsRaXUlFlo91Tg2WpOkGARC1WS5S8t0/edit?usp=sharing), generated with kicad-footprint-generator")
    (tags "resistor handsolder")
    (path /5CC2662B)
    (attr smd)
    (fp_text reference R6 (at 3.25 0 180) (layer B.SilkS)
      (effects (font (size 1 1) (thickness 0.15)) (justify mirror))
    )
    (fp_text value 100k (at 0 -1.65 180) (layer B.Fab)
      (effects (font (size 1 1) (thickness 0.15)) (justify mirror))
    )
    (fp_text user %R (at 0 0 180) (layer B.Fab)
      (effects (font (size 0.5 0.5) (thickness 0.08)) (justify mirror))
    )
    (fp_line (start 1.85 -0.95) (end -1.85 -0.95) (layer B.CrtYd) (width 0.05))
    (fp_line (start 1.85 0.95) (end 1.85 -0.95) (layer B.CrtYd) (width 0.05))
    (fp_line (start -1.85 0.95) (end 1.85 0.95) (layer B.CrtYd) (width 0.05))
    (fp_line (start -1.85 -0.95) (end -1.85 0.95) (layer B.CrtYd) (width 0.05))
    (fp_line (start -0.261252 -0.71) (end 0.261252 -0.71) (layer B.SilkS) (width 0.12))
    (fp_line (start -0.261252 0.71) (end 0.261252 0.71) (layer B.SilkS) (width 0.12))
    (fp_line (start 1 -0.6) (end -1 -0.6) (layer B.Fab) (width 0.1))
    (fp_line (start 1 0.6) (end 1 -0.6) (layer B.Fab) (width 0.1))
    (fp_line (start -1 0.6) (end 1 0.6) (layer B.Fab) (width 0.1))
    (fp_line (start -1 -0.6) (end -1 0.6) (layer B.Fab) (width 0.1))
    (pad 2 smd roundrect (at 1.025 0 180) (size 1.15 1.4) (layers B.Cu B.Paste B.Mask) (roundrect_rratio 0.217391)
      (net 1 GND))
    (pad 1 smd roundrect (at -1.025 0 180) (size 1.15 1.4) (layers B.Cu B.Paste B.Mask) (roundrect_rratio 0.217391)
      (net 64 "Net-(R6-Pad1)"))
    (model ${KISYS3DMOD}/Resistor_SMD.3dshapes/R_0805_2012Metric.wrl
      (at (xyz 0 0 0))
      (scale (xyz 1 1 1))
      (rotate (xyz 0 0 0))
    )
  )

  (module Capacitor_SMD:C_0805_2012Metric_Pad1.15x1.40mm_HandSolder (layer B.Cu) (tedit 5B36C52B) (tstamp 5CA1015E)
    (at 133.5 89.7 180)
    (descr "Capacitor SMD 0805 (2012 Metric), square (rectangular) end terminal, IPC_7351 nominal with elongated pad for handsoldering. (Body size source: https://docs.google.com/spreadsheets/d/1BsfQQcO9C6DZCsRaXUlFlo91Tg2WpOkGARC1WS5S8t0/edit?usp=sharing), generated with kicad-footprint-generator")
    (tags "capacitor handsolder")
    (path /5CBCF741)
    (attr smd)
    (fp_text reference C8 (at -2.85 0 180) (layer B.SilkS)
      (effects (font (size 1 1) (thickness 0.15)) (justify mirror))
    )
    (fp_text value 100n (at 0 -1.65 180) (layer B.Fab)
      (effects (font (size 1 1) (thickness 0.15)) (justify mirror))
    )
    (fp_text user %R (at 0 0 180) (layer B.Fab)
      (effects (font (size 0.5 0.5) (thickness 0.08)) (justify mirror))
    )
    (fp_line (start 1.85 -0.95) (end -1.85 -0.95) (layer B.CrtYd) (width 0.05))
    (fp_line (start 1.85 0.95) (end 1.85 -0.95) (layer B.CrtYd) (width 0.05))
    (fp_line (start -1.85 0.95) (end 1.85 0.95) (layer B.CrtYd) (width 0.05))
    (fp_line (start -1.85 -0.95) (end -1.85 0.95) (layer B.CrtYd) (width 0.05))
    (fp_line (start -0.261252 -0.71) (end 0.261252 -0.71) (layer B.SilkS) (width 0.12))
    (fp_line (start -0.261252 0.71) (end 0.261252 0.71) (layer B.SilkS) (width 0.12))
    (fp_line (start 1 -0.6) (end -1 -0.6) (layer B.Fab) (width 0.1))
    (fp_line (start 1 0.6) (end 1 -0.6) (layer B.Fab) (width 0.1))
    (fp_line (start -1 0.6) (end 1 0.6) (layer B.Fab) (width 0.1))
    (fp_line (start -1 -0.6) (end -1 0.6) (layer B.Fab) (width 0.1))
    (pad 2 smd roundrect (at 1.025 0 180) (size 1.15 1.4) (layers B.Cu B.Paste B.Mask) (roundrect_rratio 0.217391)
      (net 1 GND))
    (pad 1 smd roundrect (at -1.025 0 180) (size 1.15 1.4) (layers B.Cu B.Paste B.Mask) (roundrect_rratio 0.217391)
      (net 2 +3V3))
    (model ${KISYS3DMOD}/Capacitor_SMD.3dshapes/C_0805_2012Metric.wrl
      (at (xyz 0 0 0))
      (scale (xyz 1 1 1))
      (rotate (xyz 0 0 0))
    )
  )

  (module TC15-11SRWA:DIPS2794W50P254L3800H1065Q16N locked (layer B.Cu) (tedit 5BE6B26E) (tstamp 5BFFA8A3)
    (at 124.1 69.05 270)
    (descr TC15-11SRWA)
    (tags Display)
    (path /5C047E85)
    (fp_text reference DS1 (at 0 3.65) (layer B.SilkS)
      (effects (font (size 1 1) (thickness 0.15)) (justify mirror))
    )
    (fp_text value LDM-1588BS (at 0 0 270) (layer B.SilkS) hide
      (effects (font (size 1.27 1.27) (thickness 0.254)) (justify mirror))
    )
    (fp_line (start -5.155 10.235) (end -5.155 0) (layer B.SilkS) (width 0.2))
    (fp_line (start 33.095 10.235) (end -5.155 10.235) (layer B.SilkS) (width 0.2))
    (fp_line (start -5.155 -28.015) (end 33.095 -28.015) (layer B.SilkS) (width 0.2))
    (fp_line (start -5.155 8.965) (end -3.885 10.235) (layer Dwgs.User) (width 0.1))
    (fp_line (start -5.155 -28.015) (end -5.155 10.235) (layer Dwgs.User) (width 0.1))
    (fp_line (start 33.095 -28.015) (end -5.155 -28.015) (layer Dwgs.User) (width 0.1))
    (fp_line (start 33.095 10.235) (end 33.095 -28.015) (layer Dwgs.User) (width 0.1))
    (fp_line (start -5.155 10.235) (end 33.095 10.235) (layer Dwgs.User) (width 0.1))
    (fp_line (start -5.405 -28.265) (end -5.405 10.485) (layer Dwgs.User) (width 0.05))
    (fp_line (start 33.345 -28.265) (end -5.405 -28.265) (layer Dwgs.User) (width 0.05))
    (fp_line (start 33.345 10.485) (end 33.345 -28.265) (layer Dwgs.User) (width 0.05))
    (fp_line (start -5.405 10.485) (end 33.345 10.485) (layer Dwgs.User) (width 0.05))
    (pad 16 thru_hole circle (at 27.94 0 180) (size 1.1 1.1) (drill 0.7) (layers *.Cu *.Mask B.SilkS)
      (net 32 /COL_8))
    (pad 15 thru_hole circle (at 27.94 -2.54 180) (size 1.1 1.1) (drill 0.7) (layers *.Cu *.Mask B.SilkS)
      (net 7 /COL_7))
    (pad 14 thru_hole circle (at 27.94 -5.08 180) (size 1.1 1.1) (drill 0.7) (layers *.Cu *.Mask B.SilkS)
      (net 15 /ROW_2))
    (pad 13 thru_hole circle (at 27.94 -7.62 180) (size 1.1 1.1) (drill 0.7) (layers *.Cu *.Mask B.SilkS)
      (net 3 /COL_1))
    (pad 12 thru_hole circle (at 27.94 -10.16 180) (size 1.1 1.1) (drill 0.7) (layers *.Cu *.Mask B.SilkS)
      (net 13 /ROW_4))
    (pad 11 thru_hole circle (at 27.94 -12.7 180) (size 1.1 1.1) (drill 0.7) (layers *.Cu *.Mask B.SilkS)
      (net 6 /COL_6))
    (pad 10 thru_hole circle (at 27.94 -15.24 180) (size 1.1 1.1) (drill 0.7) (layers *.Cu *.Mask B.SilkS)
      (net 9 /COL_4))
    (pad 9 thru_hole circle (at 27.94 -17.78 180) (size 1.1 1.1) (drill 0.7) (layers *.Cu *.Mask B.SilkS)
      (net 16 /ROW_1))
    (pad 8 thru_hole circle (at 0 -17.78 180) (size 1.1 1.1) (drill 0.7) (layers *.Cu *.Mask B.SilkS)
      (net 14 /ROW_3))
    (pad 7 thru_hole circle (at 0 -15.24 180) (size 1.1 1.1) (drill 0.7) (layers *.Cu *.Mask B.SilkS)
      (net 11 /ROW_6))
    (pad 6 thru_hole circle (at 0 -12.7 180) (size 1.1 1.1) (drill 0.7) (layers *.Cu *.Mask B.SilkS)
      (net 5 /COL_5))
    (pad 5 thru_hole circle (at 0 -10.16 180) (size 1.1 1.1) (drill 0.7) (layers *.Cu *.Mask B.SilkS)
      (net 33 /ROW_8))
    (pad 4 thru_hole circle (at 0 -7.62 180) (size 1.1 1.1) (drill 0.7) (layers *.Cu *.Mask B.SilkS)
      (net 8 /COL_3))
